   2.00000000       0.00000000       0.00000000    
   1.99000835      0.199666843       5.00000007E-02
   1.96013319      0.397338659      0.100000001    
   1.91067302      0.591040432      0.150000006    
   1.84212196      0.778836668      0.200000003    
   1.75516510      0.958851099      0.250000000    
   1.65067124       1.12928498      0.300000012    
   1.52968431       1.28843546      0.350000024    
   1.39341331       1.43471229      0.400000036    
   1.24321973       1.56665397      0.450000048    
   1.08060443       1.68294215      0.500000060    
  0.907191992       1.78241479      0.550000072    
  0.724715173       1.86407828      0.600000083    
  0.534997284       1.92711651      0.650000095    
  0.339933872       1.97089958      0.700000107    
  0.141473934       1.99498999      0.750000119    
  -5.83995692E-02   1.99914718      0.800000131    
 -0.257689565       1.98332953      0.850000143    
 -0.454404801       1.94769514      0.900000155    
 -0.646579742       1.89259994      0.950000167    
 -0.832294106       1.81859469       1.00000012    
  -1.00969243       1.72641861       1.05000007    
  -1.17700231       1.61699271       1.10000002    
  -1.33255196       1.49141049       1.14999998    
  -1.47478724       1.35092652       1.19999993    
  -1.60228693       1.19694471       1.24999988    
  -1.71377718       1.03100336       1.29999983    
  -1.80814397      0.854760528       1.34999979    
  -1.88444436      0.669977307       1.39999974    
  -1.94191599      0.478499860       1.44999969    
  -1.97998476      0.282241434       1.49999964    
  -1.99827027       8.31629410E-02   1.54999959    
  -1.99658966     -0.116746478       1.59999955    
  -1.97495985     -0.315489411       1.64999950    
  -1.93359697     -0.511080086       1.69999945    
  -1.87291420     -0.701564252       1.74999940    
  -1.79351795     -0.885038555       1.79999936    
  -1.69620156      -1.05966997       1.84999931    
  -1.58193719      -1.22371340       1.89999926    
  -1.45186675      -1.37553000       1.94999921    
  -1.30728972      -1.51360285       1.99999917    
  -1.14965034      -1.63655245       2.04999924    
 -0.980524480      -1.74315000       2.09999919    
 -0.801601470      -1.83233047       2.14999914    
 -0.614669204      -1.90320301       2.19999909    
 -0.421595335      -1.95505941       2.24999905    
 -0.224309027      -1.98738158       2.29999900    
  -2.47815233E-02  -1.99984646       2.34999895    
  0.174993590      -1.99232960       2.39999890    
  0.373020232      -1.96490610       2.44999886    
  0.567319810      -1.91784990       2.49999881    
  0.755950868      -1.85163128       2.54999876    
  0.937028766      -1.76691175       2.59999871    
   1.10874426      -1.66453779       2.64999866    
   1.26938152      -1.54553246       2.69999862    
   1.41733551      -1.41108465       2.74999857    
   1.55112803      -1.26253784       2.79999852    
   1.66942215      -1.10137618       2.84999847    
   1.77103615     -0.929209948       2.89999843    
   1.85495448     -0.747759342       2.94999838    
   1.92033875     -0.558837414       2.99999833    
   1.96653557     -0.364331752       3.04999828    
   1.99308360     -0.166185841       3.09999824    
   1.99971735       3.36205550E-02   3.14999819    
   1.98637068      0.233091027       3.19999814    
   1.95317686      0.430232525       3.24999809    
   1.90046763      0.623075306       3.29999804    
   1.82876956      0.809692502       3.34999800    
   1.73879898      0.988219559       3.39999795    
   1.63145506       1.15687263       3.44999790    
   1.50781012       1.31396675       3.49999785    
   1.36909974       1.45793211       3.54999781    
   1.21670973       1.58733022       3.59999776    
   1.05216277       1.70086837       3.64999771    
  0.877103031       1.79741204       3.69999766    
  0.693279564       1.87599659       3.74999762    
  0.502529085       1.93583691       3.79999757    
  0.306757540       1.97633493       3.84999752    
  0.107920937       1.99708617       3.89999747    
  -9.19939652E-02   1.99788320       3.94999743    
 -0.290989697       1.97871804       3.99999738    
 -0.487077951       1.93978226       4.04999733    
 -0.678300381       1.88146448       4.09999752    
 -0.862745404       1.80434763       4.14999771    
  -1.03857017       1.70920217       4.19999790    
  -1.20401776       1.59697878       4.24999809    
  -1.35743511       1.46879888       4.29999828    
  -1.49728930       1.32594299       4.34999847    
  -1.62218285       1.16983867       4.39999866    
  -1.73086810       1.00204563       4.44999886    
  -1.82225895      0.824240446       4.49999905    
  -1.89544225      0.638199627       4.54999924    
  -1.94968677      0.445782065       4.59999943    
  -1.98445046      0.248910367       4.64999962    
  -1.99938607       4.95516136E-02   4.69999981    
  -1.99434435     -0.150302246       4.75000000    
  -1.96937561     -0.348654300       4.80000019    
  -1.92472935     -0.543522716       4.85000038    
  -1.86085176     -0.732960403       4.90000057    
  -1.77838087     -0.915074527       4.95000076    
  -1.67814100      -1.08804548       5.00000095    
  -1.56113350      -1.25014484       5.05000114    
  -1.42852759      -1.39975321       5.10000134    
  -1.28164816      -1.53537548       5.15000153    
  -1.12196279      -1.65565681       5.20000172    
 -0.951067150      -1.75939512       5.25000191    
 -0.770668626      -1.84555411       5.30000210    
 -0.582569778      -1.91327274       5.35000229    
 -0.388650090      -1.96187437       5.40000248    
 -0.190847069      -1.99087358       5.45000267    
   8.86284001E-03  -1.99998033       5.50000286    
  0.208484188      -1.98910391       5.55000305    
  0.406022429      -1.95835280       5.60000324    
  0.599503815      -1.90803432       5.65000343    
  0.786995053      -1.83865130       5.70000362    
  0.966622889      -1.75089693       5.75000381    
   1.13659239      -1.64564812       5.80000401    
   1.29520547      -1.52395630       5.85000420    
   1.44087708      -1.38703752       5.90000439    
   1.57215190      -1.23625982       5.95000458    
   1.68771815      -1.07312977       6.00000477    
   1.78642118     -0.899277210       6.05000496    
   1.86727464     -0.716439307       6.10000515    
   1.92947090     -0.526442945       6.15000534    
   1.97238827     -0.331186533       6.20000553    
   1.99559808     -0.132620960       6.25000572    
   1.99886835       6.72697350E-02   6.30000591    
   1.98216653      0.266488284       6.35000610    
   1.94565928      0.463044137       6.40000629    
   1.88971162      0.654973388       6.45000648    
   1.81488240      0.840358317       6.50000668    
   1.72191930       1.01734662       6.55000687    
   1.61175120       1.18416977       6.60000706    
   1.48547888       1.33916104       6.65000725    
   1.34436417       1.48077178       6.70000744    
   1.18981683       1.60758698       6.75000763    
   1.02338111       1.71833968       6.80000782    
  0.846720040       1.81192303       6.85000801    
  0.661598802       1.88740218       6.90000820    
  0.469867021       1.94402289       6.95000839    
  0.273440421       1.98121941       7.00000858    
   7.42817000E-02   1.99862003       7.05000877    
 -0.125619233       1.99605107       7.10000896    
 -0.324265003       1.97353804       7.15000916    
 -0.519670784       1.93130589       7.20000935    
 -0.709884226       1.86977661       7.25000954    
 -0.893004596       1.78956497       7.30000973    
  -1.06720233       1.69147253       7.35000992    
  -1.23073685       1.57647920       7.40001011    
  -1.38197410       1.44573426       7.45001030    
  -1.51940310       1.30054379       7.50001049    
